time,x,y,z,phi,theta,psi,x_velocity,y_velocity,z_velocity,phi_velocity,theta_velocity,psi_velocity,rotor_speed1,rotor_speed2,rotor_speed3,rotor_speed4
0.06,-3.16970643825e-05,4.55679931655e-06,10.0070341047,0.00116786806365,0.0073900767214,0.0,-0.00192273681964,0.000281234086404,0.234448644408,0.0106989617403,0.0286035192307,0.0,475.82373381068885,478.0079983869103,477.9959538143841,478.81038749641453
0.12000000000000001,-0.000347071187381,6.29895137589e-05,10.0278033669,0.00433399055259,0.0115266968404,0.0,-0.00910878670325,0.00202769230865,0.457791433018,0.0269443321399,0.0103186690323,0.0,476.37152710229583,474.9715350610694,472.7382823656306,473.98811393270137
0.18,-0.00128358601065,0.000305879482632,10.063651178,0.00600701391345,0.0308959839467,0.0,-0.0245368798183,0.00628805234429,0.736953039579,0.0228799909318,0.0565681198126,0.0,489.1711647241631,492.60283269032027,490.79871314942574,490.4970684773996
0.23999999999999996,-0.00358897837021,0.000877446983123,10.1156485307,0.0152874130598,0.0404032294693,0.0,-0.0535328822168,0.0138905557896,0.996049683266,0.052507620767,0.0282566182831,0.0,486.98648692032,484.86563482241723,483.95533772970896,486.18033098348445
0.3,-0.00776713516356,0.00208290682241,10.1811441087,0.0186868289267,0.0454253727554,0.0,-0.0862899453018,0.0266755808717,1.18692617162,0.0569033619843,0.0470726904498,0.0,465.92663601952995,467.39567309896796,465.3395545705519,465.68527296186295
0.36000000000000004,-0.0138773832051,0.00409506626229,10.2549713662,0.0278222918176,0.0484718475667,0.0,-0.117681794795,0.0412835035091,1.27385393037,0.0819325742262,0.0511728194996,0.0,434.49144911570096,434.8365212771025,433.1729709037901,435.27573480508215
0.4200000000000001,-0.0220071211569,0.00719634422426,10.3354658638,0.0327325353891,0.0519479111371,0.0,-0.153683938274,0.0626140168692,1.40910109558,0.0816014999696,0.0428927198012,0.0,448.993743849832,448.3229670120716,451.23150235264995,451.21009424384295
0.48000000000000015,-0.0324561920728,0.0117173621865,10.4250481754,0.0378046471399,0.0626040822313,0.0,-0.195837497751,0.0886407128878,1.576666135,0.0851511265678,0.0105260254087,0.0,461.5739093301662,459.01313532510443,460.1384986936419,460.424710601487
0.5400000000000001,-0.0455433671716,0.0178727697428,10.5232324848,0.0459965024396,0.0634735966284,0.0,-0.240490373666,0.117412769613,1.69592612837,0.0646795343747,0.0038493342562,0.0,446.11032519082136,445.564741409854,447.1182150590593,445.4523162905139
0.6000000000000002,-0.0612567756419,0.0258903080035,10.6273935475,0.0597749049739,0.0649916415209,0.0,-0.283447703694,0.151163657325,1.77590200823,0.0979632154016,-0.00983620321636,0.0,434.5710679156921,433.42248940137614,432.8237689416119,435.6204921098703
0.6600000000000003,-0.0798667281149,0.0364586639195,10.7408734529,0.065709445784,0.0646414588415,0.0,-0.336827151075,0.201815535715,2.00633095367,0.0938901128902,-0.0165351890674,0.0,480.5891827707015,480.0813261720772,480.7805817428449,480.4791088029067
0.7200000000000003,-0.101672176845,0.0502109193853,10.868040463,0.0736498706913,0.0666946405898,0.0,-0.390222507109,0.257501297664,2.23206044627,0.109371318589,0.00141879950737,0.0,478.8951341968272,480.25887570140304,479.88551473272065,481.0667860087106
0.7800000000000004,-0.126418190631,0.0671485125351,11.00410876,0.081062995931,0.0678811911579,0.0,-0.434743889531,0.307787451489,2.30333021765,0.118346209391,0.011777843729,0.0,434.2485273532629,435.11651600489864,432.5495204929946,433.3162257383852
0.8400000000000004,-0.154133857391,0.0876093543835,11.1483065953,0.0980027414486,0.0707347611019,0.0,-0.489439283849,0.376139224695,2.50262780334,0.151527305836,-0.00551770578735,0.0,474.99698392987847,473.6687304500767,472.1398279896294,474.70708419739765
0.9000000000000005,-0.185157456561,0.112511876921,11.3037621878,0.115618175894,0.0746221074918,0.0,-0.54512283734,0.455929334768,2.6785450751,0.118321743781,-0.0292487941404,0.0,469.0562000129793,467.20974485467934,469.7069562501573,467.1421264447328
0.9600000000000005,-0.219367621785,0.142197205105,11.466537953,0.126806932873,0.0777990332096,0.0,-0.595542058617,0.534620925251,2.74695846995,0.139305961217,-0.0548059778701,0.0,438.37492455239345,436.2453257718566,434.23290014267735,436.00432004377564
1.0200000000000005,-0.256840535003,0.177174770528,11.6359299582,0.143374988341,0.0745104633296,0.0,-0.653169550847,0.633028325265,2.8988083807,0.169515243437,-0.0571960134023,0.0,463.15301821590936,462.96305252127536,462.0869044832999,464.4822053371595
1.0800000000000005,-0.297342306637,0.217704277133,11.8095388485,0.157260434395,0.0733897025098,0.0,-0.696786033938,0.719157526498,2.88796237745,0.14716738996,-0.0417001860749,0.0,410.6644969278342,412.0347423546046,413.6939831286028,411.74877026743144
1.1400000000000006,-0.34088250342,0.264580003966,11.9884309775,0.166079440255,0.0711320631317,0.0,-0.754267942236,0.844286171338,3.07440870756,0.146309677837,-0.0484470578774,0.0,476.87944996526164,476.3628558692442,474.17988169370994,474.13272045518767
1.2000000000000006,-0.387636450256,0.3187284619,12.175859105,0.176281109771,0.0703325325054,0.0,-0.804084029837,0.961621678172,3.17268322747,0.158231671658,-0.033700014793,0.0,450.17391747184917,451.3646091490751,448.44231632199853,449.43069830510314
1.2600000000000007,-0.437303139514,0.379979997442,12.3683265697,0.18713730642,0.0684463412353,0.0,-0.851281809241,1.08108405197,3.24244311887,0.169872628747,-0.039111795055,0.0,442.4147474832716,441.9683608200507,441.10760675093763,442.0930940537943
1.3200000000000007,-0.490075877881,0.449398568126,12.5690556368,0.197635557136,0.0724568521596,0.0,-0.908213052457,1.23395094135,3.44752936939,0.162494963204,-0.0126658375969,0.0,482.6120350606112,484.6038018619954,485.7179333603177,485.1885405307371
1.3800000000000008,-0.546472101789,0.528550990705,12.783556767,0.210218910379,0.0746829661946,0.0,-0.971907301068,1.40579688679,3.7012169953,0.179773046756,-0.032833442138,0.0,501.02492696632413,499.55651032667816,500.3912961412467,501.67112989648564
1.4400000000000008,-0.606451240468,0.61754921161,13.0095685812,0.224391990636,0.072800670188,0.0,-1.02716621073,1.5621577895,3.83161207938,0.19876699555,-0.0374927525954,0.0,467.0619650870609,466.6979835295001,465.88454302149347,467.3991709822048
1.5000000000000009,-0.669512555822,0.715622131521,13.2406949127,0.238280892224,0.0718427566009,0.0,-1.07476645576,1.70816096259,3.87200514718,0.182171260266,-0.026185378096,0.0,440.07017035887736,441.0047480589451,440.48687829265253,439.1491195726848
1.560000000000001,-0.73525283556,0.822046631938,13.4715144687,0.249200166433,0.0832043781009,0.0,-1.11747558035,1.84014624619,3.82169526021,0.181320429942,0.0120274033302,0.0,408.71571782216887,412.10771035107695,411.20396755335076,411.1635273735992
1.620000000000001,-0.80442705784,0.938663414769,13.7074684199,0.260074459254,0.0848899776601,0.0,-1.18847831467,2.04808130601,4.04206045442,0.179196757921,5.47765044216e-06,0.0,498.1277308060495,497.24764977578525,497.84774267176203,497.7200283181335
1.680000000000001,-0.877878177554,1.06792434215,13.9562474704,0.270849676697,0.0866699682778,0.0,-1.26004771115,2.26156026675,4.24916237536,0.175933461743,-0.0158573348608,0.0,496.5417608693036,495.37666445532005,497.39073458955266,497.1785866293473
1.740000000000001,-0.955326774121,1.20921109568,14.2137000249,0.281399545008,0.0862346271666,0.0,-1.32148456601,2.44883875861,4.33171822147,0.173891997452,-0.00909670661875,0.0,461.53626401117003,462.06972103169034,461.4537172119934,461.3208545866902
1.8000000000000012,-1.03627214304,1.3613374608,14.4739882737,0.291875451929,0.0859741436558,0.0,-1.37666606186,2.62283092454,4.34397868184,0.170135607322,-0.0162698445356,0.0,441.51320570986246,440.92102947873695,440.33905998477286,440.0571193514608
1.8600000000000012,-1.12065226351,1.52451386787,14.7363818322,0.302824380292,0.0850154624478,0.0,-1.43587939955,2.81721997931,4.4016301649,0.159429887388,-0.0155880678966,0.0,457.38756011413005,457.4419629600905,456.72100182662996,455.8919857819657
1.9200000000000013,-1.20861776108,1.69968714158,15.0025938122,0.313951075874,0.0865072883407,0.0,-1.49643221514,3.02271488338,4.47111243814,0.144490212153,-0.0338964300298,0.0,462.3929492272945,460.94816398651284,463.9450163855234,462.7918841459543
1.9800000000000013,-1.29997592226,1.88635528758,15.2697297355,0.325206926157,0.0929203911159,0.0,-1.54940359974,3.20030414908,4.43288868008,0.160947487815,-0.0669567962349,0.0,430.87609451894576,428.0701891899485,427.82528614546095,429.24652991448386
2.0400000000000014,-1.39528304613,2.08633222318,15.5415744815,0.354378062883,0.0889173291123,0.0,-1.62690082804,3.46841666787,4.62607737539,0.208152445072,-0.0663788664355,0.0,504.5003045921174,504.53929533364084,502.578941188537,506.0153070874317
2.1000000000000014,-1.49475087116,2.30141917616,15.8205406676,0.366988868465,0.0863827263866,0.0,-1.68841733961,3.70200278624,4.67171403913,0.202945756552,-0.0808162346018,0.0,463.63606871975406,462.49648675177644,464.1015743157322,463.73259253426056
2.1600000000000015,-1.5975545566,2.5294599998,16.098813635,0.383614074505,0.083728327537,0.0,-1.73817994998,3.90047794326,4.60342657081,0.224879964719,-0.098289156778,0.0,428.6282677059267,427.1338911663199,426.0673931547714,427.98441152614515
2.2200000000000015,-1.70339827949,2.77011724672,16.373984287,0.406209132638,0.0797095455802,0.0,-1.7895722702,4.1230214646,4.56780249934,0.256749679411,-0.084427565124,0.0,439.95693741135506,441.09584693341895,439.3630944923996,442.0537108536582
2.2800000000000016,-1.81244533874,3.02541207845,16.6490577911,0.42175804047,0.0747534453021,0.0,-1.84480310592,4.38781064736,4.59999184589,0.251221813876,-0.081808702179,0.0,465.79303838488624,465.99249341705735,466.3218634574309,465.9517526001784
2.3400000000000016,-1.92450922631,3.29545560086,16.9228405006,0.43685089795,0.0865062546319,0.0,-1.89155344366,4.61446926757,4.52519497106,0.25196687656,-0.0382788019734,0.0,429.84865980494004,433.51898282943074,433.1072566121315,433.23516818252693
2.4000000000000017,-2.03950178173,3.57914437001,17.1916959897,0.45201548018,0.0845327394263,0.0,-1.94137400312,4.8427024978,4.4359496168,0.248113285505,-0.0331365930903,0.0,429.1930724142225,429.6287238032274,429.36628821402303,429.1046437817801
2.4600000000000017,-2.1575643788,3.87727875225,17.4562297815,0.467678519752,0.0827970892999,0.0,-1.99388396282,5.09596076077,4.38083126664,0.25663746092,-0.0399711198724,0.0,443.4220142327643,442.85952734705364,443.19692833048725,443.9604019265656
2.520000000000002,-2.27884281954,4.19130008092,17.7182649194,0.484488252429,0.0823354179823,0.0,-2.04866123691,5.37228201701,4.35232699602,0.268505565673,-0.0564629378261,0.0,455.44856238305823,454.1261643923645,455.1841308895619,456.19956812866764
2.580000000000002,-2.40339921028,4.52212044877,17.9784060809,0.5007325021,0.0824374106458,0.0,-2.10316464892,5.65582655181,4.31768068697,0.271488725307,-0.0371641234687,0.0,456.1013583656951,457.6389024588849,455.5524321782415,455.8622922274336
2.640000000000002,-2.53181105712,4.87359146281,18.2424978158,0.519096210548,0.0815000695479,0.0,-2.17696414738,6.06061085017,4.48231458294,0.286109918123,-0.0508759819438,0.0,525.983820255363,525.0325227473445,523.8228320579597,524.9032543521465
2.700000000000002,-2.66367316045,5.24387949401,18.5060856983,0.538926671596,0.0799951875781,0.0,-2.21835103652,6.2833088999,4.30329844658,0.302827380206,-0.0383955337462,0.0,411.88651343078413,412.98764325986457,412.2694147202014,413.83773210631875
2.760000000000002,-2.79852614265,5.63071569959,18.7637333295,0.560767335286,0.0956904401918,0.0,-2.27813399496,6.61203809001,4.28249025713,0.280602377488,-0.0860858283179,0.0,477.30971960436256,473.65331451595466,472.82524413153453,471.19282106051634
2.820000000000002,-2.93730045128,6.03820620768,19.0208777543,0.580965038408,0.0909669647589,0.0,-2.34707518315,6.97170683374,4.28661176119,0.259280114012,-0.0799078560279,0.0,488.0303993219849,488.4863484859176,488.2320438203761,486.70669147690745
2.880000000000002,-3.07986983052,6.46603592541,19.275743534,0.59655308996,0.0862869861067,0.0,-2.40478188235,7.28965552238,4.20745930098,0.260357290558,-0.0850045560221,0.0,462.80111796214203,462.394562242572,464.4631480498179,464.61226775338605
2.940000000000002,-3.22531402197,6.90973397048,19.520761502,0.613136471667,0.0834539605526,0.0,-2.44323993546,7.50098261832,3.9596005182,0.26996646072,-0.0696668924063,0.0,400.0960531757301,401.48466985774877,399.93827770337276,400.8911481387029
3.000000000000002,-3.37310117604,7.36653264492,19.7512375659,0.633770729319,0.0888617461352,0.0,-2.48333053009,7.72637002489,3.72217528027,0.245660661854,-0.104808187363,0.0,408.2707455760775,405.11591193475886,406.69463639198943,404.58744251734385
3.0600000000000023,-3.52369866564,7.83938631196,19.9705788991,0.648626904504,0.0871614945377,0.0,-2.53638686598,8.03558089728,3.58798597565,0.248386861523,-0.0825134875326,0.0,449.6916797219695,451.4866024829226,449.7982695154024,450.07911590927125
3.1200000000000023,-3.67744715714,8.33086043416,20.1816561523,0.666696479754,0.0848339438137,0.0,-2.58833920352,8.3471658133,3.44645825194,0.266714756837,-0.101496966894,0.0,451.11347542969884,449.5709727881647,450.54744079107155,452.09119606865323
3.1800000000000024,-3.83420627288,8.84064786317,20.3833783147,0.687712801912,0.083926052327,0.0,-2.63682378983,8.64614157845,3.27607188088,0.290070046583,-0.0777321368517,0.0,442.73155126060266,444.6757808549767,442.12282708864876,444.11989029209167
3.2400000000000024,-3.99409377338,9.37028259447,20.5767858907,0.706373680581,0.083921671632,0.0,-2.69262247083,9.00829776815,3.16873010602,0.27652932144,-0.0552558503161,0.0,471.17270286128365,472.90425590158475,474.1807709398815,473.21637037154636
3.3000000000000025,-4.15730712138,9.92169842925,20.7634116162,0.725228101512,0.0810714615779,0.0,-2.74747942959,9.3720993224,3.0500427393,0.291848983438,-0.0640230707164,0.0,474.37430942603197,473.69825501324607,473.23241497615976,474.48546250635286
3.3600000000000025,-4.32358288454,10.4935895569,20.9409834384,0.74878706818,0.0799904132883,0.0,-2.79486267003,9.69112834824,2.8669731983,0.263680304657,-0.0469838646937,0.0,453.4828564755043,454.84770865089627,454.4958612078737,452.3110995963187
3.4200000000000026,-4.49263329575,11.083990887,21.106497936,0.764791654119,0.0950987287162,0.0,-2.84104897553,9.98850829895,2.64878334551,0.257631210785,-0.0945816775947,0.0,445.95782190600096,442.04820914648116,444.36420821444045,443.9368834238357
3.4800000000000026,-4.66443045602,11.6909831143,21.2574228679,0.784232125465,0.094856476814,0.0,-2.88548104291,10.2446420115,2.38107650472,0.278323564422,-0.121343235025,0.0,427.60418852522577,425.3074193071469,424.20134011841725,426.0491840188347
3.5400000000000027,-4.83913089315,12.3149780401,21.3937124852,0.801005320373,0.108490876472,0.0,-2.93858071095,10.554589732,2.16035492175,0.280330745119,-0.0724316390464,0.0,448.8352859802771,452.77947252831615,450.0211937224633,450.26141051690354
3.6000000000000028,-5.01743618939,12.9594443367,21.5183727538,0.81781931273,0.108454153566,0.0,-3.00470998702,10.9267793873,1.99297493601,0.279990410948,-0.0508605112303,0.0,477.4875889677834,479.1281899726031,478.64265157004195,478.6901103808046
3.660000000000003,-5.19919284278,13.6228969126,21.6296340242,0.834722034967,0.105946488295,0.0,-3.05365369856,11.1880729017,1.71488599056,0.282508737025,-0.0602288458175,0.0,435.1142601839336,434.3268878250406,432.8692397395971,433.16335947148605
3.720000000000003,-5.38438525325,14.3057191555,21.7273924431,0.8543417527,0.10559850035,0.0,-3.11917061535,11.5716398156,1.54125215723,0.263369553058,-0.0812617965948,0.0,486.1544122530809,484.572249976933,485.9899339968193,484.62289109999625
3.780000000000003,-5.57344122433,15.011279457,21.8141956504,0.872703955268,0.103522335044,0.0,-3.18232654882,11.9459092758,1.34995615572,0.244599454817,-0.100830422321,0.0,485.14618771970504,483.66831385655627,485.4229128267318,484.07227332798504
3.840000000000003,-5.76608899792,15.7383007749,21.8883382363,0.912477891956,0.0974656778058,0.0,-3.23854666302,12.2876712862,1.11724442527,0.18850536551,-0.101242576321,0.0,474.6289607110854,474.5892162804936,476.69921212226103,472.4389491437014
3.900000000000003,-5.96117552558,16.4791374342,21.9427550367,0.924302245619,0.0921081335271,0.0,-3.26433995028,12.4073920871,0.69755814554,0.179358879238,-0.0930899908236,0.0,384.0736578488319,384.83659110629327,384.06264982821426,383.2330089570298
3.960000000000003,-6.15866232188,17.2344762073,21.9775713456,0.942264430329,0.0993976080075,0.0,-3.31876575464,12.7688927124,0.460873142531,0.2075773301,-0.0549658666449,0.0,481.6358957837988,484.5072801150031,480.07500364361937,482.2440194742505
4.020000000000002,-6.35917095679,18.0089632653,21.9961915714,0.954770992029,0.0974640582753,0.0,-3.36465463637,13.0463465339,0.159164702147,0.209146120306,-0.0433143477755,0.0,454.7907077299307,455.7218634797372,454.34983085945055,454.5172046519423
4.080000000000001,-6.56222453075,18.7984612745,21.9955669876,0.968916178544,0.0964735490641,0.0,-3.40370247978,13.2695855023,-0.18037137662,0.194051817985,-0.0584588952807,0.0,437.70244104429764,436.4380644531245,436.3165494853042,435.09573438249805
4.14,-6.76782284968,19.6029827491,21.9756921682,0.986553256719,0.105428266317,0.0,-3.44979383318,13.5463573185,-0.483501940147,0.219696644003,-0.0209692186639,0.0,457.24327602464166,460.22052264172356,458.1720640714938,460.24626430318506
4.199999999999998,-6.97613810455,20.4231933196,21.9369369377,1.00441621647,0.105672646963,0.0,-3.49389062868,13.7928697518,-0.809411812904,0.19476376532,-0.00868801222725,0.0,450.8340593551824,451.8258945639965,452.0800852789418,450.1089588597057
4.259999999999997,-7.18736708694,21.2602585694,21.8798944221,1.0165363255,0.109663765195,0.0,-3.54707766789,14.1073976762,-1.09307881642,0.186244212669,-0.0331888687642,0.0,479.5249666040716,477.6592437419496,479.20688104437727,478.5915003253279
4.319999999999996,-7.40135914142,22.112598211,21.8036384636,1.0302296287,0.109180224381,0.0,-3.58588345507,14.3030871938,-1.44901624743,0.167616572546,-0.0208843633104,0.0,439.3048252432207,440.32426026733214,440.9699413616352,439.4593140201872
4.379999999999995,-7.6179236233,22.9785642988,21.7072236644,1.04133648409,0.109828440935,0.0,-3.63279543585,14.5609542143,-1.76528872791,0.155127181826,-0.00693205898887,0.0,464.3432188183118,465.4371616284477,465.50322217696,464.54851837306563
4.439999999999993,-7.83716285927,23.8588069608,21.5912250237,1.05178464629,0.110623157189,0.0,-3.67509068341,14.7792620626,-2.10145435681,0.142165825336,0.00398065831671,0.0,453.83748593982284,454.7131080268495,454.9741661860248,453.9555227933145
4.499999999999992,-8.05872261199,24.750292463,21.4541252809,1.06110343039,0.117542220219,0.0,-3.71035505171,14.9361122086,-2.46817378904,0.131161735787,0.0311190735904,0.0,433.3398682702881,435.6165334232359,435.51967085314374,434.61599951576454
4.559999999999991,-8.28264242912,25.652629236,21.2959983397,1.06913819699,0.123141337324,0.0,-3.75372101693,15.140468074,-2.80257234727,0.125351171768,0.00872282731675,0.0,455.53722934785316,453.7418029222064,454.12684640475,453.6751495584835
4.6199999999999894,-8.50875438153,26.5639822844,21.1161628334,1.09278999987,0.137145457862,0.0,-3.7833451914,15.2368391846,-3.19283152568,0.0801376312856,-0.0327155752443,0.0,419.7865132223198,416.172735957459,419.70500843148307,415.77149680723073
4.679999999999988,-8.73709663192,27.4838475561,20.9143358536,1.09758702041,0.135312854996,0.0,-3.82794684712,15.4243340651,-3.53398630722,0.0786326775341,-0.0297829101321,0.0,452.79779676843583,453.0334705484437,454.04219133813,453.92629825025
4.739999999999987,-8.96790381513,28.4135153589,20.6915572838,1.10241235977,0.135067899117,0.0,-3.86563031387,15.5639887158,-3.890957329,0.0812172384289,-0.0446389478541,0.0,439.311541800735,438.07663997204054,438.49562034254745,438.71556269154985
4.799999999999986,-9.20085673732,29.3506958451,20.4471881662,1.10743827192,0.13237774065,0.0,-3.89946468767,15.6750496636,-4.25351629211,0.0755685433512,-0.0456908684184,0.0,429.42867997831326,429.338142303515,429.95930931605204,429.48543673919625
4.859999999999984,-9.43632197505,30.2976932948,20.1828859193,1.11687681381,0.135069635667,0.0,-3.94924990595,15.8897174031,-4.55675411249,0.0500787955607,-0.0724536985232,0.0,468.7421142671069,466.65456223791335,468.5116593904428,466.52760195631106
4.919999999999983,-9.67432377972,31.2544274702,19.8990213361,1.12384787385,0.13471860049,0.0,-3.98412110109,16.0008501829,-4.90451749853,0.070727963096,-0.0517227606078,0.0,434.0110112178767,435.7453470071453,434.4054389369826,436.136992506221
4.979999999999982,-9.91438445866,32.2175246861,19.5943822666,1.12840098626,0.131909841616,0.0,-4.01789263114,16.1020369928,-5.24891981848,0.063316823259,-0.0468572796169,0.0,433.3921845193038,433.7995669784005,432.2590186582338,431.6372624828227
5.0399999999999805,-10.1565182403,33.1869554463,19.2694630261,1.1383043508,0.131268672581,0.0,-4.05313570968,16.2114985784,-5.58124889135,0.0892081453603,-0.0318750243979,0.0,436.11875801086165,437.3681999286362,436.0630036686958,438.22606379576825
